0,1,9,-2.21,2.0
1,2,0,3,3.06,-3.1,2.0,2.0
2,1,1,4.6,2.0
4,1,2,-3.71,2.0
5,1,4,1.68,2.0
6,1,5,3.12,2.0
7,1,6,1.13,2.0
8,1,7,-3.52,2.0
10,1,8,2.02,2.0
11,1,2,1.31,2.0
12,1,11,3.95,2.0
13,3,12,9,26,-1.34,3.63,3.63,2.0,2.0,2.0
14,2,6,38,4.82,3.5,2.0,2.0
15,1,14,0.52,2.0
16,2,15,37,0.87,4.76,2.0,2.0
17,1,5,-1.29,2.0
18,1,17,3.0,2.0
19,1,18,2.12,2.0
20,1,19,1.64,2.0
21,1,20,4.53,2.0
22,1,21,-2.69,2.0
23,1,14,-4.52,2.0
24,1,23,1.3,2.0
25,1,24,3.19,2.0
27,1,25,1.44,2.0
28,1,27,1.97,2.0
29,1,28,1.82,2.0
30,1,29,3.71,2.0
31,1,30,4.26,2.0
32,1,31,-2.58,2.0
33,1,14,3.79,2.0
34,1,33,-2.91,2.0
35,1,28,-2.81,2.0
36,1,35,-2.34,2.0
39,1,36,0.55,2.0
